analysis/data/working/nitrate_interpolated.tif
NCOLS 62
NROWS 49
XLLCORNER -92.889433
YLLCORNER 42.491912
DX 0.099021194
DY 0.098324694
NODATA_VALUE -9999
[rows 0 to 25 of 49, columns 0 to 59 of 62]
3.4281365 3.3987563 3.3684276 3.3372774 3.3056631 3.274362 3.2446992 3.2183517 3.1966399 3.1797131 3.1664598 3.1552288 3.1445172 3.133099 3.1198387 3.103604 3.0834382 3.0589964 3.0312857 3.0037377 2.9828347 2.9755021 2.9828122 2.9988446 3.0169562 3.0334481 3.0469703 3.0573645 3.0650813 3.0709053 3.075757 3.0805183 3.0859006 3.092374 3.1001573 3.1092546 3.1195135 3.130688 3.1424903 3.1546305 3.1668413 3.178893 3.1906009 3.2018267 3.2124774 3.2225011 3.231882 3.2406336 3.2487926 3.2564125 3.2635572 3.2702965 3.2767006 3.2828377 3.288771 3.2945567 3.300244 3.3058737 3.3114793 3.3170865
3.408128 3.3748641 3.3399855 3.3033481 3.265049 3.2258781 3.1879329 3.1547277 3.1296042 3.1130607 3.1023891 3.0941728 3.0861362 3.0768759 3.0649126 3.0483007 3.0248474 2.9926906 2.9513667 2.9043978 2.8647567 2.8544079 2.8778529 2.914107 2.947658 2.97453 2.9947347 3.0091419 3.0189807 3.0257412 3.0309871 3.0361227 3.0422096 3.0498874 3.0593933 3.0706499 3.0833751 3.0971838 3.1116631 3.1264213 3.1411153 3.1554629 3.1692471 3.1823139 3.1945682 3.205967 3.2165107 3.226235 3.2352018 3.243491 3.2511928 3.2584012 3.2652085 3.2717016 3.277959 3.2840493 3.2900309 3.2959515 3.3018491 3.3077523
3.3860782 3.3483784 3.308157 3.2646826 3.2171993 3.1656863 3.112743 3.0659366 3.0351105 3.0220121 3.018359 3.0161563 3.0126919 3.0075276 2.9991331 2.9842338 2.9583989 2.9166006 2.8535313 2.7652666 2.6660296 2.6409286 2.7228886 2.806861 2.8659922 2.9073899 2.9362467 2.9553949 2.9672547 2.9744135 2.9794454 2.984546 2.991262 3.0004127 3.0121825 3.0263096 3.0422848 3.0595102 3.0774004 3.095436 3.1131862 3.1303133 3.1465703 3.1617933 3.1758931 3.1888445 3.2006747 3.2114513 3.2212716 3.2302512 3.2385148 3.2461877 3.2533896 3.2602298 3.266805 3.2731975 3.2794755 3.2856939 3.2918947 3.2981089
3.361794 3.3191838 3.2729944 3.2214959 3.1619936 3.0911746 3.0084462 2.928052 2.885388 2.8881873 2.9038121 2.9122376 2.914922 2.9167738 2.9165046 2.9082277 2.8837757 2.8329208 2.7412513 2.5786872 2.2721756 2.1056967 2.5013144 2.680006 2.7721614 2.8314807 2.8710822 2.8955965 2.908911 2.915318 2.919011 2.9233965 2.9306729 2.9417895 2.9567085 2.9747915 2.9951478 3.0168675 3.0391405 3.0612991 3.0828211 3.1033181 3.1225216 3.1402686 3.156488 3.1711857 3.1844292 3.1963322 3.2070399 3.2167163 3.2255311 3.2336501 3.2412265 3.2483969 3.2552783 3.2619679 3.2685442 3.2750683 3.2815861 3.2881298
3.3349313 3.2870584 3.234663 3.1747461 3.1014805 3.0036771 2.8614763 2.6715668 2.5932916 2.673765 2.7437194 2.7646593 2.7708509 2.7854768 2.8036299 2.8127874 2.7995341 2.7456996 2.6278987 2.3850217 1.7941864 1.6936706 2.3186433 2.5458651 2.6643534 2.7451095 2.7986991 2.8292144 2.842568 2.8459809 2.8463571 2.8489839 2.8568874 2.8709396 2.8905078 2.9142322 2.940611 2.9683055 2.9962403 3.0235978 3.0497792 3.0743634 3.0970773 3.1177755 3.1364231 3.1530756 3.1678588 3.1809498 3.1925595 3.2029162 3.2122497 3.2207771 3.2286938 3.2361676 3.2433382 3.2503179 3.2571949 3.2640356 3.270888 3.2777846
3.3048246 3.2513913 3.1930183 3.1256724 3.0403912 2.9160961 2.6923514 2.1215112 1.8717379 2.3052092 2.5261093 2.5180548 2.5136209 2.5618683 2.628362 2.6769401 2.7002609 2.6579622 2.5215421 2.2559912 1.6333521 1.7464689 2.1931504 2.3819947 2.5287751 2.6441413 2.7188237 2.7559428 2.7661872 2.7623512 2.7560088 2.7554036 2.7644836 2.7834382 2.8102511 2.8422521 2.8770268 2.912712 2.9479721 2.9818826 3.0138154 3.0433542 3.0702485 3.0943946 3.1158176 3.1346473 3.1510906 3.1654101 3.1779047 3.1888903 3.1986769 3.207549 3.2157529 3.2234923 3.23093 3.2381925 3.2453753 3.2525482 3.2597594 3.267039
3.2702692 3.2107699 3.1468075 3.074151 2.9825487 2.8464734 2.6000271 2.1009789 1.430642 1.5207112 2.3111468 1.8283676 1.9566308 2.0262695 2.3190974 2.4098789 2.5752817 2.5748784 2.4080798 2.0283839 1.610285 1.7862779 1.8397747 2.0920681 2.3358032 2.524103 2.6332858 2.676208 2.6764807 2.6573654 2.6384832 2.6328295 2.6450042 2.6729033 2.7114861 2.7558578 2.8024161 2.8487976 2.8935164 2.9356608 2.9746775 3.0102204 3.0420963 3.0702706 3.0948623 3.1161075 3.1343206 3.1498738 3.1631845 3.1746909 3.1848153 3.1939312 3.2023462 3.2103017 3.2179812 3.2255213 3.2330211 3.24055 3.2481529 3.2558553
3.2293051 3.1625583 3.0928265 3.0167033 2.9251785 2.7936703 2.5374323 1.8091695 1.8484168 2.0896536 2.3520922 1.7844421 1.6698754 0.79549567 1.9251973 1.6329455 2.4614713 2.5166861 2.3133254 1.7442868 0.83264856 1.5087838 1.5749863 1.7030889 2.051141 2.3867097 2.5498339 2.5915388 2.5675791 2.517917 2.4763524 2.4641389 2.4849601 2.5301826 2.588347 2.6513037 2.7143824 2.7750538 2.8319411 2.8843749 2.932092 2.974922 3.0127517 3.045643 3.0738591 3.0977865 3.1178673 3.1346019 3.1485688 3.1603909 3.1706582 3.1798643 3.1883864 3.1964985 3.2043957 3.2122157 3.2200543 3.2279751 3.236016 3.2441939
3.1790229 3.1025616 3.0254652 2.945684 2.8570693 2.7449051 2.5559105 2.0730857 2.2072822 2.4510227 2.5205827 2.4612505 2.2927375 2.0239177 1.5512125 2.1539736 2.4679897 2.5010632 2.3053916 1.6491274 0.97934644 1.4792173 1.5652111 1.2966937 1.4118184 2.2813041 2.4858426 2.503572 2.4289365 2.3178648 2.2349399 2.2176487 2.2622745 2.3424286 2.4330311 2.5236241 2.6097797 2.689654 2.7621909 2.8273501 2.8857262 2.9374606 2.9824581 3.0208985 3.0532945 3.0802469 3.1023013 3.1200634 3.1343464 3.1460956 3.1561772 3.1652457 3.1737412 3.1819471 3.1900474 3.1981649 3.2063816 3.2147488 3.2232921 3.2320158
3.1153366 3.0246005 2.9365583 2.8502723 2.7598359 2.6591067 2.5523893 2.4723585 2.4731366 2.3426627 2.492457 2.6345773 2.5724832 2.2630215 1.4449278 2.2650237 2.4561023 2.4960159 2.384554 2.0641971 1.5975951 0.75741216 1.4301858 0.97506997 1.8588798 2.3116274 2.4532516 2.4111669 2.2471465 1.9955342 1.8373692 1.8279597 1.9387862 2.0925536 2.2329717 2.3645958 2.4833076 2.5904931 2.6832461 2.7636462 2.8351461 2.8979519 2.9516688 2.9966643 3.0339849 3.0645543 3.0887926 3.1072101 3.1210469 3.1319516 3.1412886 3.149895 3.1582103 3.1664608 3.1747746 3.1832342 3.191895 3.2007889 3.2099242 3.2192872
3.0326472 2.9193921 2.8140939 2.7182303 2.6180036 2.4919463 2.3479509 2.2863453 2.4051666 2.3475728 2.5338779 2.7235123 2.7146019 2.581276 2.367054 2.161214 2.1496653 2.429961 2.4242945 2.2553789 2.1053032 1.9272912 1.8648921 1.8737855 2.1173091 2.3799382 2.4368628 2.3049699 2.0244727 1.4476735 1.1242768 1.0814039 1.4322911 1.7567322 1.9482193 2.155524 2.3186309 2.4794616 2.5940469 2.6915216 2.7802528 2.8569574 2.9212817 2.9739567 3.0173659 3.0530466 3.0801961 3.0982486 3.1096857 3.1181104 3.1257644 3.1334915 3.1414936 3.1497893 3.1583761 3.1672649 3.1764732 3.1860095 3.1958606 3.2059885
2.9236763 2.7722993 2.6359164 2.5307472 2.4304139 2.2429563 1.9049408 1.3425955 2.168772 2.4929049 2.6824822 2.7965975 2.7989908 2.6843836 2.3593164 1.2362771 1.3062204 2.3728456 2.359589 1.5376058 2.135846 2.2706724 2.0301392 1.571489 1.8657064 2.4264079 2.4167379 2.1623531 1.1416774 1.5027119 0.85651484 1.0394786 1.1502831 1.0705847 1.3563782 1.8353547 1.9174465 2.45017 2.4572192 2.6154019 2.7265834 2.8162503 2.8931822 2.9544196 3.0060015 3.0519215 3.0852036 3.0990282 3.1021029 3.1044702 3.1090227 3.1154801 3.1231614 3.1316137 3.1406137 3.1500778 3.1599859 3.1703272 3.1810658 3.1921295
2.7803419 2.5630639 2.3559582 2.2238511 2.2042065 1.9597939 1.1907897 1.6056512 1.9810826 2.3791458 2.6958419 2.8513309 2.8530655 2.7090616 2.4162401 2.1417204 2.241528 2.4257857 2.4009393 1.7934603 2.268313 2.4156685 2.1924211 1.2602533 2.243771 2.5320337 2.3642485 1.6617412 1.8443563 1.5966686 1.0853483 1.140441 1.0523657 0.87286814 1.3231718 1.6048652 2.262342 2.4421055 1.6781178 2.7289138 2.6859958 2.7780813 2.8723456 2.9411534 3.0035274 3.0816658 3.14023 3.1267997 3.100348 3.0896994 3.0897545 3.0949807 3.1026497 3.1115607 3.121225 3.1314807 3.1422986 3.1536699 3.1655385 3.1777789
2.5940405 2.271324 1.9433443 1.4793657 1.9298007 1.8724306 1.6586165 1.6018825 1.0895411 2.181847 2.6962108 2.9176912 2.8914143 2.6458671 2.1071357 0.32165753 1.9230741 2.3014389 2.4538366 2.4487037 2.4822489 2.4279219 2.1427773 2.3772024 2.6183709 2.7102251 2.4756666 1.3642603 2.0080028 1.9874271 1.5816967 1.1056849 0.78471748 1.2398328 1.2913215 0.62498994 1.7519234 2.0213054 2.5015187 2.3030343 2.5577783 2.7477519 2.8828529 2.9453449 3.0059369 3.2163772 3.5186493 3.222468 3.0989285 3.0691651 3.0656439 3.0708264 3.0793243 3.0892476 3.0999477 3.1112766 3.1232737 3.1359858 3.1493449 3.1631256
2.3651984 1.6640419 1.7129285 1.3884547 1.7393889 1.2961422 1.8649205 1.2915885 1.4563689 2.1821259 2.6531352 3.045826 2.9065556 2.0436565 1.5646439 1.5793032 0.66833385 2.0547719 2.1800966 2.1832005 2.3137075 2.2551858 1.2776418 2.562499 2.8707474 2.928343 2.8306708 2.6335842 2.5362115 2.3131649 1.934088 1.476723 1.0941175 1.6484782 1.1836228 1.5470817 1.3695766 1.9263558 2.2591066 1.0850578 2.4618015 2.728996 3.1800941 3.0252308 2.9831322 3.2926058 5.3645587 3.2666997 3.0672277 3.0349649 3.033962 3.0418549 3.0526222 3.0643544 3.0765494 3.0892625 3.1027546 3.1172462 3.1326827 3.1486195
2.1107403 1.4310436 1.7056941 1.7091681 2.0917471 2.0078173 1.9813303 1.9982905 2.1571191 1.7456248 2.3711545 3.3911331 3.3045169 2.1973177 2.4979778 2.3147533 2.0897344 2.2252016 1.9065464 1.8211783 1.2738374 0.59615034 2.2242126 2.8334381 3.0750331 3.123417 3.0833718 3.0351291 2.9285887 2.7348684 2.4275559 1.7898571 1.8489488 0.87811601 2.2429097 2.2601076 2.102696 2.4517222 2.4691752 2.3760767 2.4131188 2.3364208 4.2088739 2.97255 2.7030559 2.783152 3.0655873 3.0318084 2.9882286 2.9828864 2.9928373 3.0072632 3.0222055 3.0367011 3.050853 3.0652003 3.0804969 3.0974133 3.1160167 3.1353368
1.5842838 0.24823642 2.1712942 2.5306822 2.6278725 2.6140813 2.7314732 2.3384394 3.0053121 3.3106815 3.1132472 4.4207322 4.5855683 3.5715963 3.0113495 2.5376176 0.8887674 1.8037095 2.3319598 2.4026252 2.2907198 1.2721091 2.2208349 3.0459764 3.2730839 3.2216495 2.7060302 3.2879305 3.2630481 3.1281074 2.8843502 2.2848959 2.4975055 2.5944331 2.7380188 2.8144422 2.819256 2.7632745 2.4561402 1.4248342 1.9177917 2.0496927 2.4662381 2.5299059 1.8096696 2.1798017 2.7511369 2.8680549 2.8865919 2.9105566 2.9405896 2.9666418 2.9880449 3.0063172 3.0227578 3.0387345 3.0559597 3.0762599 3.1003692 3.1260756
2.3175137 2.2523099 2.4801139 3.0680205 3.1474747 2.9850163 3.0091302 3.6042037 5.3616029 7.0424396 5.4161489 6.5996021 6.4320118 3.8783295 2.9052458 2.4730964 1.7979599 1.4537719 2.0729791 2.2920193 2.5325292 2.479926 2.9177963 3.3358256 3.4932755 3.4701387 3.3951128 3.5635265 3.5805497 3.4986861 3.34834 3.1547117 2.9240613 2.5827326 3.0147198 3.2057569 3.2032619 3.0313341 2.5291787 1.4749354 1.7251245 1.9487242 1.9614726 2.3204084 2.2433185 2.4030658 2.7015003 2.7476648 2.6671479 2.7963217 2.8744285 2.9198879 2.9504013 2.9735426 2.9923035 3.0092434 3.0277534 3.052596 3.087809 3.129302
3.4332066 3.3548843 3.369417 3.5307233 3.373771 3.2664822 3.1239398 3.9294812 4.3932155 5.1127691 4.7366885 4.439302 4.4845789 3.6668404 0.62692897 1.7967328 1.6404016 1.8109366 1.1010221 1.8790561 2.5738806 3.1663932 3.4379225 3.6376145 3.7180787 3.5743844 3.4859024 3.825029 3.8999404 3.8506947 3.7285498 3.5279632 3.1075404 1.457209 3.2796364 3.596852 3.6445761 3.4841761 2.8073707 1.1192555 2.0607757 1.5008999 1.9409246 2.3021449 2.2776361 2.3669107 2.7215589 2.6589465 1.8016787 2.6798659 2.8001798 2.8648762 2.9097641 2.9393744 2.9599233 2.9757218 2.9924307 3.0213359 3.0804682 3.1771775
4.126704 4.0707438 3.3632321 3.9133873 3.84435 3.960035 4.1551318 5.2790093 4.3858691 4.3999438 4.2332505 3.7265429 3.902008 3.823319 3.2821116 2.7459936 2.5811568 2.4991542 2.1821817 0.86693682 3.0177602 3.5207336 3.7644742 3.9177368 3.9703107 3.513359 2.4491262 4.12198 4.2499704 4.2027299 4.0719204 3.8151763 2.4144127 3.4560525 3.7398005 3.8414933 4.1431911 3.7688934 3.4869336 2.9542196 2.1675332 2.173688 1.9761844 2.3053092 2.6477204 2.7095075 2.7770843 2.7637082 2.7076931 2.6620846 2.5965489 2.7892912 2.8690716 2.9065686 2.9271433 2.9371448 2.9428245 2.9649515 3.0619781 3.4076216
4.6759546 4.731499 4.4453282 4.8005491 4.7708567 3.4081783 4.6165982 4.6695897 4.4578398 4.4843148 4.2349008 4.0807071 4.0856229 3.7831789 3.8159061 3.6390723 3.3314359 1.148152 3.179799 3.3326363 3.6141959 3.8615648 4.0470985 4.1919813 4.2951244 4.32492 4.4064915 4.6167546 4.6769958 4.5460586 4.3723643 4.1385005 3.5875407 3.8145067 4.2282992 5.2520305 4.0202657 3.997574 4.134003 3.5262545 3.1676702 3.0646169 3.1266339 2.8280975 2.8175049 2.8126065 2.8091903 2.7922914 2.7517649 2.5482627 2.00969 2.7386713 2.8397097 2.8823797 2.897914 2.8942248 2.869306 2.8379083 2.9425918 3.3165841
5.1802384 5.365465 5.236955 5.8757922 6.193752 5.4967367 5.2304928 5.7354434 4.5555776 4.3959059 4.2936234 4.295457 4.3186414 4.2438288 4.1626366 4.817405 4.025229 4.5744057 4.1694328 5.1833489 4.0969418 4.1624667 4.3062856 4.4560628 4.6126297 4.806179 5.032536 5.2121556 5.3029013 4.7160094 4.3830289 3.943347 2.305561 4.3594824 4.3390878 4.1652558 4.2100133 3.9204794 3.7820532 3.8368075 3.4786576 3.4059826 3.4407167 3.035836 2.8477745 2.8120285 2.7945414 2.7708418 2.7381808 2.6884255 2.6735103 2.7487406 2.8346668 2.8979116 2.8792216 2.8506393 2.77786 2.634579 2.2764911 3.1581013
5.7007118 6.1292966 5.9220602 6.1319584 5.6490816 5.2135692 5.2269801 4.2694738 4.5596602 4.4294739 4.3212177 4.3022012 4.3196757 4.4147948 4.7939313 4.3688506 4.2700448 4.2860744 4.3296409 4.4473304 4.3329762 4.4040211 4.5446637 4.7027046 4.8806422 5.2136646 5.8365836 6.501218 6.939652 7.4715192 5.323845 5.5197396 5.4973604 5.3231189 4.8762589 5.0059654 4.9355097 4.4693888 3.7102948 3.943074 3.4952573 3.285781 3.5934535 2.7783238 2.5106387 2.7317875 2.7391037 2.714337 2.682792 2.6558809 2.6579357 2.703482 2.7105719 3.1088457 2.8674625 2.775087 2.7499734 2.5281417 4.163244 3.0447266
5.684759 5.6552736 5.9771621 5.6830095 5.3223494 4.5119957 5.0780925 4.963582 4.5284525 4.4348428 3.6411583 4.2815583 4.3293528 4.5514185 4.4256914 3.907543 4.7404377 4.4712184 4.4790816 4.4492297 4.5315385 4.6574286 4.7906357 4.2655397 5.0685264 4.785658 6.6463932 6.6202201 6.5199571 7.3956826 6.5654854 7.7787737 6.8090936 5.9841316 5.2489785 5.2682438 4.9073813 4.2829743 3.9329606 3.7950097 3.5020366 3.1979005 2.6456187 1.4995291 2.3947264 2.634411 2.6585187 2.6272468 2.5852475 2.5309013 2.4727269 2.5970773 2.7241876 2.8834197 2.8635723 2.5936449 2.9428683 2.9747069 3.010285 3.0314253
5.5410498 5.8718944 5.8212956 5.7862176 5.494539 4.8472372 5.537567 4.0503077 4.4965553 4.4171773 4.268352 4.3964459 4.6842834 5.2811057 4.8227011 3.9705097 4.670221 4.5727587 4.5692396 4.7295689 4.7194659 5.1861602 4.9432569 5.1545602 5.1281245 5.8585859 6.9358384 6.5540657 7.2022662 7.3545179 6.8950823 6.8899346 8.2565909 7.4117287 5.4794635 5.797577 5.0875709 4.3140781 3.9851216 3.6178097 3.4765467 3.2477475 1.6708249 0.58174452 2.2429385 2.5720711 2.5660693 2.5114465 2.4550625 2.3545193 0.64577991 2.3734563 2.6198335 2.7679343 2.9340378 3.206136 2.7106226 3.5166384 3.0678709 3.0349123
5.4054549 5.6299127 5.7042877 5.5129282 5.2868073 5.0733869 5.0226686 4.8115464 4.4906167 4.3913058 4.4935798 4.3994068 5.2257649 5.2514669 6.512675 5.0993173 4.7818823 4.6695848 4.7718014 5.9186608 4.8000669 4.792335 5.0275101 5.2511685 5.1870888 4.9558146 6.2201825 6.1584341 5.5494236 5.4999882 5.0722855 5.5819925 6.4319876 5.7074266 5.6573588 6.8237237 6.6568594 4.5276956 4.0056598 3.6444783 3.3587964 3.052344 2.5853178 2.3587382 2.6120806 2.6194046 2.4586755 2.3598635 2.295071 2.2442789 2.1709279 2.3220452 2.4539056 2.662524 3.0331125 3.0338875 2.9609622 3.0060774 3.0302418 3.0426648
